-33.5665    38.8774     26.8362     -0.789608   0.526011    -0.315961   0.58362     0.484783    -0.651439   -0.189492   -0.698783   -0.689779   13.8274     -6.63949    25.415    
-35.3092    40.2607     24.3658     -0.814435   0.491669    -0.30815    0.567395    0.563625    -0.600324   -0.12148    -0.663768   -0.738007   11.1277     -8.44714    24.299    
-33.5083    40.2352     24.9433     -0.735524   0.548849    -0.397202   0.662789    0.461413    -0.589753   -0.140411   -0.697039   -0.703151   12.3251     -8.81332    25.004    
-32.7471    39.5316     26.7359     -0.756379   0.566359    -0.327306   0.630576    0.498224    -0.595103   -0.17397    -0.656514   -0.733978   13.4485     -8.11103    25.3391   
-21.8904    12.8333     -0.312816   -0.591659   -0.255376   -0.764672   0.602351    -0.77045    -0.20876    -0.535829   -0.584115   0.60967     -8.69643    -0.695764   82.0797   
-10.007     6.43765     -12.7143    0.506093    -0.58007    -0.63827    -0.354741   -0.814546   0.458993    -0.786148   -0.0058728  -0.61801    13.8751     6.06061     21.9366   
-26.9905    33.3635     -3.26408    -0.0340877  -0.836161   0.547424    -0.998942   0.0115857   -0.044507   0.0308727   -0.548361   -0.835671   -24.5932    4.98522     60.2853   
-12.437     28.77       -0.484792   0.187327    0.303041    -0.934385   0.949362    -0.300107   0.0929981   -0.252233   -0.90449    -0.343913   10.8007     2.92546     20.6311   
-9.54467    7.04318     -22.6756    0.990846    0.0900542   0.100571    -0.0839759  0.994466    -0.0631256  -0.105699   0.0541022   0.992925    10.1668     -6.64595    23.8081   
-40.4608    32.3318     16.5852     -0.486056   0.4107      0.771411    -0.353082   -0.899732   0.256546    0.799427    -0.147676   0.582331    15.0206     5.75151     22.9773   
-35.6959    36.9927     29.0163     -0.854891   0.444349    -0.267796   0.482472    0.491147    -0.725255   -0.190739   -0.749219   -0.634263   13.8493     -1.87564    24.5484   
-11.1412    8.97472     -24.1474    0.984879    -0.12451    0.120459    0.133778    0.988381    -0.072154   -0.110076   0.0871777   0.990093    12.3251     -8.81332    25.004    
-13.9635    7.31824     -25.4512    0.999799    -0.0166342  0.0111776   0.0162686   0.999354    0.032039    -0.0117034  -0.0318507  0.999424    13.8274     -6.63949    25.415    
-6.70206    13.7148     5.54642     -0.336141   -0.853413   -0.398366   0.403413    -0.512678   0.757904    -0.851039   0.0940567   0.51661     -11.9237    9.70336     63.3108   
-11.1412    8.97472     -24.1474    0.991115    0.0962432   -0.0918063  -0.0942389  0.995212    0.0259322   0.0938625   -0.0170501  0.995439    11.1277     -8.44714    24.299    
-42.3792    25.9485     -1.10222    -0.225383   -0.173293   0.958735    -0.768128   -0.57373    -0.284277   0.599318    -0.800502   -0.0038021  -11.0343    9.69732     63.0222   
-17.7026    6.92088     0.239956    0.902235    0.0788187   -0.423982   -0.387833   0.578201    -0.717822   0.188569    0.812078    0.552242    2.061       -7.96655    28.9076   
-20.0761    31.5097     19.5032     0.48872     -0.505557   0.711031    0.391068    -0.601585   -0.696535   0.779884    0.618472    -0.0962993  7.85745     -8.89172    65.7098   
-33.5665    38.8774     26.8362     -0.555739   0.80651     -0.201732   0.662305    0.282832    -0.6938     -0.5025     -0.51918    -0.691336   13.206      -5.51664    24.2601   
-36.9327    40.3571     23.6299     -0.760253   0.472545    -0.445777   0.641544    0.43822     -0.629591   -0.102162   -0.764634   -0.636316   10.1668     -6.64595    23.8081   
-13.9635    7.31824     -25.4512    0.998696    0.0109918   -0.0498526  -0.0143885  0.997561    -0.068297   0.0489803   0.0689252   0.996419    13.4485     -8.11103    25.3391   
-28.0546    32.0258     26.5371     -0.273684   0.650533    0.708452    -0.908147   -0.417393   0.032441    0.316807    -0.6345     0.705013    16.5646     -10.8493    46.1327   
-16.8371    30.921      5.44307     0.125412    -0.953332   -0.274645   -0.504172   -0.299661   0.809947    -0.854449   0.0368916   -0.518224   -16.8943    -3.82669    40.4086   
-25.4349    34.6603     2.00349     0.809795    -0.295468   -0.506884   -0.237265   -0.955061   0.177662    -0.536599   -0.0236041  -0.843507   -4.19371    -17.7       65.8835   
-28.9441    20.8151     -3.07875    -0.521134   -0.167295   -0.836918   0.563948    -0.803528   -0.190539   -0.640611   -0.571274   0.513092    -13.9104    8.93189     84.4962   
-26.4865    29.2308     -6.48536    -0.550799   0.188527    0.813067    -0.831289   -0.211093   -0.514196   0.0746931   -0.959113   0.27299     -3.18446    0.569337    17.3063   
-15.967     29.8513     5.20496     0.836004    0.245106    -0.490939   0.339608    0.471633    0.813775    0.431004    -0.847045   0.311047    24.1822     1.73066     30.6881   
-17.5291    30.2243     4.48755     0.876904    0.284981    -0.387073   0.175819    0.559306    0.810101    0.447355    -0.778436   0.440353    25.4332     0.436682    31.2513   
-14.6437    5.02404     -24.6442    0.992229    0.0502098   0.113847    -0.0460624  0.998186    -0.0387739  -0.115587   0.0332286   0.992741    15.8333     -5.54964    25.7901   
-9.98124    5.15805     -13.8393    0.441296    -0.63075    -0.638288   -0.289606   -0.773339   0.563981    -0.849345   -0.0640305  -0.523941   12.7275     5.36179     21.4565   
-13.3755    28.3459     -1.58175    -0.697572   -0.694885   0.174725    0.696277    -0.599858   0.394169    -0.169092   0.396618    0.902276    -24.5932    4.98522     60.2853   
-6.70206    13.7148     5.54642     -0.338672   -0.881907   -0.327935   0.433251    -0.455551   0.777667    -0.835222   0.121296    0.536369    -11.0343    9.69732     63.0222   
-21.8904    12.8333     -0.312816   -0.620511   -0.371321   -0.690715   0.643928    -0.743964   -0.178532   -0.447574   -0.555552   0.700742    -9.85401    -0.112114   82.1939   
-30.7322    20.1097     7.85596     0.582636    0.116765    0.804301    -0.800814   0.251341    0.543622    -0.138678   -0.96083    0.239948    -9.85401    -0.112114   82.1939   
-34.0879    37.5038     27.7514     -0.780623   0.614736    -0.112815   0.492707    0.494225    -0.716227   -0.384535   -0.614688   -0.688688   13.206      -5.51664    24.2601   
-5.52303    11.3978     -7.21583    0.800056    0.41674     0.431554    -0.596472   0.475483    0.646635    0.0642822   -0.774754   0.628987    17.538      -3.04166    52.9178   
-22.2949    22.3233     11.4443     0.382855    -0.251457   -0.888927   -0.319962   -0.938778   0.127753    -0.866629   0.235512    -0.439872   -11.9513    17.4041     72.1338   
-21.1312    31.0112     19.668      0.408155    -0.07246    -0.910033   0.898119    0.210601    0.386043    0.163681    -0.974883   0.151035    -7.34427    15.2431     29.4439   
-20.8066    32.4526     19.3417     -0.29311    -0.942321   0.161607    -0.871956   0.332804    0.359075    -0.392148   -0.0356654  -0.919211   -1.49232    3.7682      17.1619   
-13.5655    28.1189     1.48617     0.476854    0.759455    -0.442537   0.784259    -0.140259   0.604372    0.396924    -0.635261   -0.662492   26.451      1.2229      41.4412   
-38.852     35.8028     14.8192     -0.934106   -0.0447418  -0.354181   0.148241    0.853923    -0.498839   0.324762    -0.518473   -0.791022   15.0206     5.75151     22.9773   
-37.5249    34.2787     17.7929     -0.879811   0.0780525   -0.468871   0.163933    0.97573     -0.145182   0.446159    -0.204596   -0.871253   16.7372     9.23647     23.866    
-20.8066    32.4526     19.3417     -0.722578   -0.684303   0.0980349   -0.402791   0.532021    0.74479     -0.561819   0.498681    -0.660058   -5.39809    11.2239     21.189    
-42.972     26.7407     -1.46318    -0.204371   -0.389261   0.898169    -0.809336   -0.448936   -0.378724   0.550643    -0.804321   -0.223294   -11.9237    9.70336     63.3108   
-20.4833    35.9047     6.11232     -0.901906   0.404027    0.152734    0.344382    0.886066    -0.310304   -0.260703   -0.227267   -0.938288   13.7607     8.16641     52.1363   
-21.1312    31.0112     19.668      0.463935    -0.0779489  -0.882433   0.864372    0.257946    0.431654    0.193973    -0.96301    0.187047    -7.04963    15.5397     30.0928   
-33.574     19.4436     6.0365      -0.378385   0.556212    -0.7399     0.322369    0.828475    0.457938    0.8677      -0.0652444  -0.492789   -12.034     -3.05333    34.121    
-22.6124    33.6035     18.9616     -0.217472   -0.974164   0.0609125   -0.925209   0.22562     0.305097    -0.310957   0.00999306  -0.950371   -3.18446    0.569337    17.3063   
-10.007     6.43765     -12.7143    -0.69584    0.258716    -0.669979   -0.605818   0.289589    0.741028    0.385735    0.921523    -0.0447725  -23.8816    1.55174     48.6155   
-25.7122    31.6235     -4.53861    -0.981564   -0.164112   0.0979781   -0.0061253  -0.485339   -0.874304   0.191037    -0.858786   0.475386    -12.122     2.77766     23.8261   
-7.28116    9.94149     -13.1467    0.490199    -0.774294   0.400218    0.517973    0.62808     0.580706    -0.701006   -0.0773597  0.708947    12.7275     5.36179     21.4565   
-16.8072    27.1579     -8.90495    0.209113    0.971905    -0.108042   -0.531026   0.0200847   -0.847117   -0.821147   0.234516    0.520307    25.1446     -7.30148    32.4009   
-12.0797    27.4325     -1.68262    -0.958073   -0.0884409  0.272533    -0.276684   0.0384449   -0.960192   0.0744427   -0.995339   -0.0613032  -7.73835    8.64005     22.1651   
-28.2853    33.1764     -4.06872    -0.419853   0.899746    0.119079    0.2123      -0.0302023  0.976738    0.882412    0.435367    -0.178336   6.84779     -8.3857     66.0575   
-26.1225    23.6803     15.8668     -0.0480536  -0.598624   -0.799587   0.837666    -0.460186   0.294183    -0.544064   -0.655651   0.523561    17.8584     3.03975     64.0567   
-25.5206    33.1148     21.7048     -0.181918   -0.983293   -0.0063825  -0.860921   0.156135    0.484187    -0.475101   0.093577    -0.874941   -3.18446    0.569337    17.3063   
-34.9444    41.7549     5.11874     -0.816345   -0.304546   -0.490747   -0.528137   0.73754     0.420841    0.23378     0.602733    -0.762929   5.94317     13.1441     31.7245   
-37.5249    34.2787     17.7929     -0.494612   0.290903    -0.818984   -0.668411   0.474974    0.572387    0.555505    0.830527    -0.0404847  -12.4409    12.518      50.4277   
-21.7017    35.8403     3.64337     0.953402    0.196329    -0.229085   -0.0330137  0.822633    0.567613    0.299892    -0.5336     0.790782    10.5287     5.75625     19.4969   
-25.7122    31.6235     -4.53861    0.303888    0.894343    -0.328334   -0.668647   -0.0452805  -0.7422     -0.678649   0.445085    0.584239    26.1094     1.72454     40.1051   
-40.0075    23.5317     -4.48918    -0.900706   0.124848    0.416103    -0.333041   -0.813456   -0.476837   0.27895     -0.568069   0.774264    -1.24589    5.47759     76.4241   
-3.99174    13.5311     -1.61386    0.215735    -0.814781   0.538136    0.17525     0.574473    0.799542    -0.960597   -0.0781815  0.266725    13.206      -5.51664    24.2601   
-14.6437    5.02404     -24.6442    0.960744    -0.0527587  -0.272375   0.054874    0.998493    0.00014933  0.271957    -0.0150898  0.962191    13.206      -5.51664    24.2601   
-31.2135    38.2414     3.12059     -0.0624179  0.979437    0.191852    0.500533    -0.135586   0.855034    0.863464    0.149398    -0.481777   21.188      -2.4171     51.9845   
-20.0761    31.5097     19.5032     0.448825    -0.0144861  -0.893502   0.22181     -0.966772   0.127094    -0.865654   -0.255231   -0.430698   -1.74241    1.3926      17.4139   
-41.2474    30.3645     12.0009     0.492989    -0.600538   -0.629536   -0.279796   0.575705    -0.768295   0.823818    0.554903    0.115788    -7.73835    8.64005     22.1651   
-41.6375    29.011      1.28783     0.869669    -0.383751   -0.3105     0.484917    0.781832    0.391911    0.0923633   -0.491399   0.866023    -22.9093    0.899697    56.5247   
-25.9006    38.4573     22.3349     -0.639969   -0.334344   0.691848    0.377564    0.647359    0.662096    -0.669242   0.684938    -0.288053   14.1141     9.53131     40.4099   
-12.437     28.77       -0.484792   -0.663595   -0.726387   0.178895    0.735034    -0.588608   0.336549    -0.139166   0.354826    0.924517    -23.7225    4.74556     60.941    
-6.68668    12.3021     -2.07186    -0.822751   0.384352    0.418752    -0.165104   0.543353    -0.823109   -0.543894   -0.746352   -0.383587   -22.9274    2.13378     53.1075   
-14.3837    28.1629     11.2138     0.545963    0.768373    -0.333959   0.831272    -0.447107   0.330277    0.104461    -0.457929   -0.88283    16.7372     9.23647     23.866    
-33.0771    37.1025     1.215       0.240379    0.953972    -0.179318   0.079967    -0.203569   -0.975789   -0.96738    0.22022     -0.12522    -1.24589    5.47759     76.4241   
-21.7672    36.8153     4.78747     0.797573    0.60209     -0.0369495  -0.579642   0.781915    0.229399    0.16701     -0.161545   0.972631    12.7275     5.36179     21.4565   
-16.3488    26.2502     -4.18928    0.508955    0.676993    0.531644    0.808253    -0.588321   -0.024595   0.296127    0.442221    -0.846611   12.6329     -5.71667    64.1689   
-30.3371    38.7573     28.306      -0.769702   0.556925    -0.312079   0.617257    0.524446    -0.586473   -0.162953   -0.644042   -0.747433   17.818      -9.20596    27.0659   
-18.6132    27.1532     -9.46688    -0.834912   -0.274109   -0.47727    0.538292    -0.225905   -0.811917   0.114736    -0.93479    0.336161    -1.49232    3.7682      17.1619   
-40.8568    32.8767     23.6885     -0.520502   0.330262    0.787404    -0.414073   -0.90411    0.105495    0.74674     -0.271132   0.607344    9.00995     4.08128     19.0775   
-24.7364    31.9953     0.197817    -0.999591   -0.0236408  -0.0160755  0.00481543  0.415039    -0.909791   0.0281801   -0.909496   -0.414755   -2.99581    16.3978     23.8739   
-18.272     19.4141     6.83686     0.41771     -0.20401    -0.88538    -0.31613    -0.946212   0.0688817   -0.85181    0.251123    -0.459736   -17.0126    16.4956     74.3701   
-9.94683    9.12287     -12.1801    0.569951    -0.374678   -0.731282   -0.236873   -0.927123   0.290403    -0.786796   0.00770539  -0.617165   16.7372     9.23647     23.866    
-27.8038    21.3775     2.76305     -0.34294    0.480488    -0.80717    0.0733136   0.870349    0.486948    0.936492    0.107817    -0.333704   -14.6533    -3.53767    28.079    
-21.1312    31.0112     19.668      -0.281869   -0.955649   0.0853488   -0.846396   0.289563    0.446954    -0.451845   0.0537437   -0.890476   -4.51863    5.92691     17.7232   
-25.7122    31.6235     -4.53861    -0.29905    0.943958    -0.139687   -0.0101137  -0.149513   -0.988708   -0.954184   -0.29426    0.0542586   21.8804     4.56645     29.9018   
-35.1972    35.1541     -3.92865    0.400281    0.281618    -0.872047   -0.473823   -0.75093    -0.459996   -0.784389   0.597324    -0.167146   19.1644     -2.58716    53.1024   
-28.7371    32.0464     -4.95184    0.285143    0.861072    -0.421008   -0.877636   0.0579897   -0.475806   -0.38529    0.505165    0.772244    26.451      1.2229      41.4412   
-19.4781    25.7557     24.3151     -0.385763   -0.91929    0.0780569   -0.828515   0.382404    0.409059    -0.405893   0.0931284   -0.909163   -9.03727    6.45567     23.4609   
-37.7775    20.2451     9.94085     -0.374875   0.924362    -0.0708818  0.847099    0.372599    0.378938    0.376686    0.0820106   -0.922703   2.39378     -8.84867    27.7783   
-41.6953    28.6311     18.9006     -0.525868   -0.809338   0.261601    0.681741    -0.217146   0.698625    -0.508618   0.545729    0.665949    16.5646     -10.8493    46.1327   
-23.5421    13.2709     -19.1514    -0.380628   -0.646704   0.660981    0.784299    -0.60444    -0.139743   0.489896    0.465217    0.737276    -3.18446    0.569337    17.3063   
-26.548     32.8718     -4.62189    -0.191396   -0.178204   -0.9652     0.654521    0.709634    -0.260809   0.731416    -0.681662   -0.0191826  -19.8108    12.5505     57.261    
-42.1071    25.4473     24.4914     0.306441    0.694854    -0.650593   0.82644     -0.533351   -0.180368   -0.472325   -0.482404   -0.737696   3.33588     -9.17268    29.9256   
-26.1362    16.2457     -17.923     -0.484404   -0.625408   0.611733    0.651123    -0.724745   -0.225352   0.584287    0.289152    0.758287    -4.51863    5.92691     17.7232   
-26.1225    23.6803     15.8668     -0.112443   -0.662453   -0.740617   0.933908    -0.325017   0.148926    -0.33937    -0.674923   0.655216    18.2428     1.90231     63.4829   
-37.78      39.2467     15.7016     0.359516    -0.472755   -0.804519   0.804302    -0.280145   0.524039    -0.473124   -0.835477   0.279521    -20.1759    -1.2173     50.1312   
-41.4319    31.8326     23.4909     0.337366    0.375873    0.863078    -0.910492   0.363189    0.19773     -0.239139   -0.852534   0.464757    15.4386     9.21255     40.0275   
-24.4917    27.8015     -9.48695    -0.0490391  -0.866822   0.4962      -0.99328    -0.0098198  -0.11532    0.104834    -0.49852    -0.860516   -26.2574    6.85275     52.7208   
-39.8884    33.8091     19.3137     0.141826    -0.823653   -0.549074   0.49796     0.538752    -0.679545   0.855524    -0.177039   0.486555    -0.370271   0.865676    16.9265   
-40.7558    32.9986     19.9042     -0.459789   0.635733    0.62003     -0.468418   -0.766802   0.438862    0.754439    -0.0886489  0.650356    12.7275     5.36179     21.4565   
-24.7364    31.9953     0.197817    -0.988891   -0.0677083  -0.132325   0.0750827   0.540772    -0.837811   0.128284    -0.83844    -0.529681   -2.18698    17.0258     24.8265   
-10.0527    5.86057     -11.5215    0.476201    -0.687588   -0.548138   -0.389167   -0.723778   0.569819    -0.788531   -0.0580318  -0.612251   15.0206     5.75151     22.9773   
-39.46      33.2318     16.4363     0.690946    -0.659471   -0.296127   0.170267    -0.24965    0.953249    -0.702568   -0.709065   -0.060208   -23.9686    2.69264     68.9801   
-39.8884    33.8091     19.3137     -0.536628   0.435073    0.723009    -0.469421   -0.865928   0.172664    0.701195    -0.246739   0.668914    13.8751     6.06061     21.9366   
-10.007     6.43765     -12.7143    0.683975    -0.142459   0.715461    0.629028    0.611875    -0.479513   -0.369461   0.77802     0.508117    19.1161     4.02347     25.704    
-12.6958    25.191      -8.78271    0.454623    -0.873148   -0.175868   -0.066025   -0.229946   0.970961    -0.888233   -0.42981    -0.162189   -22.2651    -11.3236    58.5336   
-41.9415    27.5509     18.9965     -0.584974   -0.23267    0.776962    0.587571    0.538775    0.603723    -0.559076   0.809683    -0.178459   5.4764      -5.84435    68.429    
-30.256     20.2675     -3.08343    -0.434986   -0.55909    -0.705837   -0.828522   -0.058457   0.556897    -0.352616   0.827044    -0.43779    4.29318     12.5382     15.4795   
-26.989     36.8676     3.0624      0.410365    0.894089    0.179456    0.686294    -0.43238    0.584849    0.600501    -0.116842   -0.791042   20.8088     -10.5145    44.6655   
-41.1892    35.6786     8.19        0.464146    -0.745816   -0.477836   0.883072    0.347638    0.31517     -0.0689451  -0.568248   0.819964    -21.0804    0.400617    51.3236   
-22.2949    22.3233     11.4443     0.629911    -0.522164   -0.574942   -0.362267   -0.852341   0.377196    -0.687004   -0.0293171  -0.726062   9.42192     18.7278     28.5661   
-12.6318    1.43819     -9.90767    -0.881604   0.0311931   -0.470958   -0.32064    0.692641    0.646095    0.346358    0.720608    -0.600633   -24.597     3.01342     56.9803   
-12.6958    25.191      -8.78271    -0.143494   0.251332    -0.957205   0.61898     0.777473    0.111349    0.772187    -0.576513   -0.267133   -19.0828    12.6876     52.7116   
-20.5558    10.5475     2.56585     0.351158    -0.799221   -0.487785   -0.0343058  -0.531594   0.846304    -0.935688   -0.280453   -0.214091   13.3283     4.66229     53.4934   
-6.68668    12.3021     -2.07186    -0.577298   0.438157    -0.689018   -0.607944   0.332675    0.720924    0.545097    0.835072    0.0743218   -21.9435    0.206249    56.5305   
-9.98124    5.15805     -13.8393    0.732945    -0.0127526  0.680168    0.57923     0.536044    -0.614125   -0.356769   0.844094    0.400278    21.8804     4.56645     29.9018   
-39.4553    36.636      14.5934     0.0806645   0.970913    -0.225437   0.543385    -0.232445   -0.806661   -0.835599   -0.0574305  -0.54633    16.5646     -10.8493    46.1327   
-38.7417    37.0657     15.2013     0.451422    -0.453822   -0.768287   0.799384    -0.1769     0.574187    -0.396488   -0.873357   0.282921    -21.3208    -0.746876   48.062    
-24.4917    27.8015     -9.48695    0.414716    0.330553    -0.847789   -0.539523   -0.660931   -0.521618   -0.732752   0.673724    -0.0957574  12.6329     -5.71667    64.1689   
-18.272     19.4141     6.83686     0.380473    -0.164848   -0.909981   -0.208124   -0.974006   0.0894271   -0.901069   0.155364    -0.404891   -17.4042    16.2635     75.1021   
-16.8371    30.921      5.44307     -0.664922   -0.719162   0.201706    0.729096    -0.566313   0.384328    -0.162166   0.402611    0.900892    -26.2574    6.85275     52.7208   
-3.87512    15.9623     -8.98945    -0.817521   0.0588721   0.572881    -0.401911   0.654133    -0.640763   -0.412463   -0.754085   -0.511106   -19.8811    -1.505      55.573    
-40.4608    32.3318     16.5852     -0.139868   0.887123    0.43983     0.218032    0.460887    -0.860259   -0.965867   -0.0244261  -0.257884   10.9173     0.241277    66.801    
-34.3645    37.0116     28.3857     0.927542    0.175777    0.3298      0.366361    -0.601924   -0.709554   0.0737915   0.778967    -0.622708   -9.78698    -2.52001    40.3481   
-11.9344    25.0137     -2.31374    -0.853845   -0.190366   -0.484468   0.174191    0.772567    -0.610572   0.490516    -0.605724   -0.626493   -2.18698    17.0258     24.8265   
-42.075     29.2645     11.7214     -0.531856   -0.671078   0.516511    -0.80085    0.200329    -0.564365   0.275261    -0.713808   -0.643979   -12.8765    11.2622     59.4371   
-26.5194    35.3209     23.1538     -0.214314   -0.971883   0.0975348   -0.939547   0.23242     0.25146     -0.267058   -0.0377471  -0.962941   -2.14791    -4.64896    19.9094   
-41.5966    34.559      9.10898     -0.430763   0.423503    -0.796925   0.618221    -0.504836   -0.602448   -0.657454   -0.752188   -0.0443538  17.538      -3.04166    52.9178   
-15.1268    28.2269     18.2671     0.059192    0.997966    0.0236784   0.611287    -0.0174842  -0.791216   -0.789192   0.0613079   -0.611078   10.6913     0.0432071   19.4679   
-18.8397    32.5848     16.3688     -0.579522   -0.756429   0.303264    -0.792475   0.609866    0.00680418  -0.190097   -0.236386   -0.952882   -3.18446    0.569337    17.3063   
-16.8072    27.1579     -8.90495    0.189783    0.973068    -0.13085    -0.666063   0.0296835   -0.745304   -0.721348   0.2286      0.653758    25.2582     -5.19716    32.1424   
-20.9417    21.6124     7.4629      0.166205    -0.092162   0.981775    0.365738    -0.918848   -0.148171   0.915757    0.383699    -0.11901    4.37708     16.2147     17.3398   
-30.9337    25.8838     21.3516     0.943465    -0.328865   0.0414828   0.0233533   -0.0588889  -0.997991   0.330647    0.942539    -0.0478795  9.75197     -6.37168    14.3027   
-20.9573    35.1092     4.68347     -0.395342   -0.256378   -0.882029   -0.694439   -0.545099   0.469704    -0.601215   0.798209    0.0374618   15.0553     -18.1123    31.6055   
-41.9415    27.5509     18.9965     0.233951    0.776483    0.585099    0.89739     0.0591078   -0.437262   -0.37411    0.627359    -0.68298    12.5758     -13.9991    42.7001   
-30.7253    20.6626     -2.2545     -0.555104   -0.0575457  0.829788    0.0744523   -0.997037   -0.019338   0.828442    0.051045    0.557744    25.0111     9.96704     45.7846   
-19.1046    33.733      17.0679     0.147103    0.983307    -0.107093   -0.985968   0.137134    -0.09519    -0.0789148  0.119593    0.989682    -0.872537   -10.7784    71.0493   
-12.3898    24.0776     -9.43443    -0.537694   0.667184    0.51551     -0.227852   -0.703651   0.673022    0.811769    0.24442     0.530368    0.273963    -16.0124    66.2923   
-8.77172    23.2722     -2.91186    0.988938    0.0169319   -0.147361   -0.13749    -0.268172   -0.953509   -0.0556627  0.963222    -0.262878   7.04057     -0.0890236  69.6184   
-39.46      33.2318     16.4363     0.540789    -0.838634   0.0651177   0.818804    0.542566    0.187567    -0.192631   -0.0481156  0.980091    -25.2566    4.12467     66.9039   
-28.2853    33.1764     -4.06872    0.51516     0.720015    0.464962    -0.791303   0.607985    -0.0647588  -0.329317   -0.334565   0.882959    10.5287     5.75625     19.4969   
-28.3511    19.6028     -3.66962    0.0712827   0.742879    0.66562     -0.504219   -0.54894    0.666654    0.860629    -0.383139   0.335444    -17.0126    16.4956     74.3701   
-40.7558    32.9986     19.9042     -0.620642   -0.145502   0.770476    0.561962    0.602723    0.5665      -0.546811   0.784572    -0.292308   6.84779     -8.3857     66.0575   
-40.4608    32.3318     16.5852     -0.960565   0.162195    0.225849    -0.0348344  -0.876041   0.480977    0.275865    0.454142    0.847144    26.5776     -5.11219    36.5468   
-15.967     29.8513     5.20496     0.209419    -0.957296   -0.199318   -0.505142   -0.280446   0.816199    -0.837243   -0.0702435  -0.542301   -18.4367    -3.77713    40.9315   
-14.5322    14.1857     16.7974     -0.0255527  0.829414    0.55805     -0.464474   0.484469    -0.741319   -0.885218   -0.278142   0.372861    4.29168     -7.07919    37.8533   
-34.2046    18.4564     6.65784     -0.361479   0.669122    -0.649314   0.425368    0.738058    0.523767    0.829696    -0.0868662  -0.551416   -11.2981    -2.25473    32.6107   
-23.4774    32.1758     0.565593    -0.079878   0.970561    0.227225    0.344392    -0.187045   0.920005    0.935422    0.151742    -0.319312   6.4616      -13.6098    64.4163   
-34.3645    37.0116     28.3857     0.647418    0.0671717   0.759169    0.677316    -0.5074     -0.532719   0.349419    0.859089    -0.373996   -9.87927    -3.61828    40.2241   
-38.3068    39.6508     8.95705     -0.280614   0.130893    -0.950854   -0.412188   0.878223    0.242538    0.866809    0.45999     -0.192489   -4.32882    6.8318      58.476    
-23.52      39.6675     6.95456     -0.932687   -0.263383   0.246424    0.0557668   -0.780293   -0.622923   0.35635     -0.567249   0.742457    -17.9009    -9.39805    55.5097   
-15.9565    15.2138     3.53115     -0.449816   0.665956    -0.59512    -0.482964   -0.741881   -0.465143   -0.751273   0.0781929   0.655343    -25.1501    10.3575     67.0208   
-37.78      39.2467     15.7016     0.673759    -0.354456   -0.64839    0.645466    -0.144881   0.749922    -0.359754   -0.92378    0.131175    -23.5743    1.19849     56.9917   
-36.147     35.3184     -1.76361    0.0795427   -0.73938    -0.668573   -0.507975   0.547015    -0.665384   0.857691    0.392545    -0.332076   14.4764     7.46123     53.2003   
-16.4024    26.9167     -5.003      -0.482356   0.800759    0.35513     -0.527747   0.0579244   -0.847424   -0.699153   -0.596179   0.394658    10.6058     7.82975     18.623    
-19.2542    30.2902     4.67453     0.498348    -0.512735   -0.699109   0.765329    -0.11869    0.632601    -0.407333   -0.850303   0.333262    5.9862      3.54572     14.7229   
-20.9573    35.1092     4.68347     0.77872     0.618452    0.105414    -0.624373   0.780388    0.0339576   -0.0612629  -0.0922614  0.993848    13.8751     6.06061     21.9366   
-29.5462    33.3945     -1.85974    0.501004    -0.855626   -0.129997   0.450633    0.129671    0.883241    -0.738867   -0.501089   0.45054     -11.1284    0.159266    22.4864   
-38.7417    37.0657     15.2013     -0.735692   0.0188299   -0.677055   0.117804    0.987935    -0.100531   0.666993    -0.153719   -0.729034   19.8999     0.136578    25.7797   
-36.9832    37.2881     2.25502     -0.606507   0.784397    0.129889    0.399043    0.15901     0.90304     0.687688    0.599531    -0.409448   1.02065     -7.78019    71.9076   
-25.6502    12.3452     -9.86871    -0.0244322  0.0909393   0.995557    -0.973291   0.22523     -0.0444594  -0.228272   -0.970052   0.0830075   17.8584     3.03975     64.0567   
-21.329     8.79861     -0.0012940  -0.463019   0.475757    0.747843    0.703735    -0.315628   0.636503    0.538861    0.820996    -0.188665   12.2738     3.40178     21.5095   
-39.3251    18.1247     14.4482     -0.297315   0.90464     -0.305336   0.903572    0.369917    0.216144    0.308482    -0.21163    -0.92739    3.49517     -7.2673     33.2022   
-23.52      39.6675     6.95456     0.244303    -0.440332   0.863958    -0.926848   -0.367961   0.0745488   0.285076    -0.81897    -0.498015   -22.4872    1.17615     49.2776   
-40.6995    35.9819     3.19833     0.321435    -0.939533   -0.11814    0.939098    0.30027     0.167131    -0.121551   -0.164667   0.978831    5.73229     -11.3268    28.5927   
-30.7253    20.6626     -2.2545     -0.129844   0.700604    0.701637    -0.360347   -0.692585   0.624881    0.923737    -0.171696   0.342389    -17.0126    16.4956     74.3701   
-21.8099    31.0546     2.80675     -0.136669   -0.575367   0.806396    -0.95488    0.293193    0.0473607   -0.263679   -0.763538   -0.589476   -21.1512    0.924047    32.8236   
-39.5471    19.9371     -7.11617    0.00847185  -0.590241   0.807183    0.0865193   0.804617    0.587457    -0.996214   0.06486     0.0578838   4.78155     -3.4149     69.5557   
-41.0804    25.8824     26.3529     0.276382    0.830195    -0.484137   0.710732    -0.515653   -0.478499   -0.646894   -0.211843   -0.732564   3.68052     -9.62488    29.1767   
-15.3824    30.9078     15.1162     -0.713751   0.659922    -0.234653   0.630377    0.751287    0.195429    0.305259    -0.0084319  -0.952232   -20.9382    12.1185     54.1017   
-11.0551    3.05778     -14.1711    0.087988    -0.925694   0.367898    -0.831623   -0.271567   -0.484413   0.548327    -0.26333    -0.793722   20.4351     -6.26279    48.6435   
-40.7069    24.2011     -1.80201    -0.898855   0.117197    0.422285    -0.333988   -0.807067   -0.486924   0.283747    -0.578712   0.764579    -2.98442    7.65518     74.2095   
-42.075     29.2645     11.7214     0.462174    -0.631221   -0.622861   -0.254488   0.578425    -0.775023   0.849489    0.516706    0.106695    -8.60805    8.34311     23.4697   
-30.7322    20.1097     7.85596     -0.723285   0.0593164   0.687998    -0.355781   -0.885903   -0.29765    0.591844    -0.460062   0.661864    14.4764     7.46123     53.2003   
-40.4608    32.3318     16.5852     -0.839043   -0.0874249  -0.536995   0.0995112   0.945696    -0.309447   0.534888    -0.313076   -0.784779   19.1161     4.02347     25.704    
-41.0804    25.8824     26.3529     -0.131643   0.552958    -0.822744   0.930614    -0.216992   -0.294741   -0.341508   -0.804457   -0.486025   3.29585     -5.83176    40.9793   
-7.57629    13.4485     5.06857     -0.361403   -0.881187   -0.304791   0.425081    -0.446649   0.787281    -0.829876   0.154965    0.535996    -12.8508    11.022      63.1162   
-14.4359    29.9047     15.3826     -0.272467   -0.331369   0.903303    -0.369957   -0.830568   -0.416279   0.888197    -0.447606   0.103711    15.6342     -17.0899    37.0213   
-18.0573    27.2748     -11.006     0.155915    0.985481    -0.0672154  -0.581362   0.0365395   -0.812824   -0.798567   0.165808    0.578618    25.1446     -7.30148    32.4009   
-28.9307    32.9708     -0.59002    -0.331785   0.528812    -0.781202   0.606727    -0.514492   -0.605954   -0.722358   -0.675023   -0.150144   12.9457     9.36367     19.2427   
-27.3178    31.9558     -5.48148    0.351008    -0.916353   -0.192592   0.66394     0.0985278   0.741267    -0.660286   -0.388059   0.642987    -13.0436    3.56474     24.486    
-22.1237    8.04228     -0.984585   -0.610803   0.756653    0.233229    -0.222173   0.118941    -0.967725   -0.759973   -0.642906   0.0954583   -6.92371    -12.8368    70.0279   
-15.3824    30.9078     15.1162     -0.24046    -0.85374    0.461851    -0.763007   0.460367    0.453742    -0.599999   -0.243289   -0.76211    -6.36112    2.2501      20.0259   
-25.0167    31.0468     23.8858     0.259363    -0.805843   0.532305    -0.162367   -0.579704   -0.798486   0.952033    0.120669    -0.281196   -4.19371    -17.7       65.8835   
-15.3894    28.2777     2.9523      -0.987475   -0.112377   -0.110744   0.149448    -0.441204   -0.884876   0.0505785   -0.890343   0.452472    -1.0896     7.37445     16.1003   
-14.4359    29.9047     15.3826     0.34194     0.391411    0.854327    -0.580225   0.803073    -0.135697   -0.7392     -0.449301   0.501709    13.8751     6.06061     21.9366   
-41.3874    35.2214     6.49834     0.916606    0.0230276   0.399127    0.294865    -0.713113   -0.636023   0.269977    0.700671    -0.660434   -21.8395    1.31202     54.8528   
-37.1198    39.3622     16.5526     0.387916    -0.570526   -0.723893   0.788297    -0.201612   0.581326    -0.477607   -0.796149   0.371535    -19.8626    -2.61009    51.0522   
-26.9292    32.6746     25.8421     0.578518    -0.175021   -0.796671   -0.585654   0.590697    -0.555055   0.567737    0.787683    0.239227    12.5758     -13.9991    42.7001   
-26.548     32.8718     -4.62189    0.522374    -0.852555   0.016591    0.446219    0.289882    0.846674    -0.726646   -0.434877   0.531853    -9.66775    5.77922     22.8358   
-43.0088    33.0527     3.16373     -0.810114   -0.557327   0.181941    -0.0269766  -0.27457    -0.961189   0.585652    -0.78358    0.207398    13.206      -5.51664    24.2601   
-39.063     34.9956     12.2571     0.166851    -0.866321   -0.470795   0.557834    0.476663    -0.679421   0.813008    -0.149263   0.562796    -3.51732    -3.97969    19.7815   
-14.8261    29.0645     16.4314     0.971431    -0.224149   0.0779742   -0.0076484  -0.357954   -0.933708   0.237201    0.906436    -0.349442   20.4351     -6.26279    48.6435   
-33.6561    22.4875     2.8206      -0.472569   0.551202    -0.687645   0.350792    0.83344     0.426993    0.808469    -0.0394367  -0.587215   -16.233     -4.08827    32.6985   
-14.7394    29.7909     8.22289     0.0455984   -0.212101   -0.976183   0.794347    0.600254    -0.0933161  0.60575     -0.771173   0.195853    4.066       9.02516     62.6575   
-32.1389    22.6665     17.1311     -0.323734   0.864145    -0.385292   0.907583    0.398702    0.131643    0.267375    -0.307067   -0.913357   2.50842     -15.5197    35.2459   
-21.8904    12.8333     -0.312816   0.391088    -0.845251   -0.364143   -0.166992   -0.454258   0.875079    -0.905077   -0.281424   -0.318805   14.4764     7.46123     53.2003   
-24.7025    35.6878     19.2348     -0.527363   -0.783054   -0.329719   0.299424    0.191888    -0.934625   0.795131    -0.591613   0.13327     -23.9686    2.69264     68.9801   
-8.31407    9.7755      -12.9939    0.768667    -0.310848   0.55904     0.548214    0.770446    -0.325384   -0.329565   0.556586    0.762627    15.0206     5.75151     22.9773   
-40.5542    34.2666     10.1622     -0.954102   0.23249     0.188779    0.0270151   -0.560968   0.827397    0.298261    0.794521    0.52894     26.0131     -2.68797    35.5504   
-43.0406    33.2179     2.11995     -0.746691   -0.65606    0.109714    0.0235063   -0.190863   -0.981335   0.664755    -0.730175   0.157938    13.8274     -6.63949    25.415    
-5.49742    12.3508     -8.37988    0.727093    -0.684706   -0.0501393  -0.189228   -0.129668   -0.973334   0.659946    0.717192    -0.223846   24.9808     -7.49956    33.608    
-11.4928    1.24246     -16.5941    0.423501    -0.629018   -0.651907   -0.279123   -0.775222   0.566676    -0.861822   -0.0580254  -0.503881   9.00995     4.08128     19.0775   
-21.7623    29.0161     20.228      0.425677    -0.710626   -0.560187   -0.805203   -0.0150195  -0.592808   0.412852    0.703409    -0.578592   -17.5612    -4.14244    35.2602   
-19.0723    20.9293     11.8588     -0.534167   0.315248    -0.7844     0.608169    0.787791    -0.0975452  0.587193    -0.529154   -0.612536   -10.4831    -22.0253    66.5884   
-20.9746    11.935      1.7491      -0.735831   0.0924269   -0.670828   0.509214    0.728543    -0.458177   0.44638     -0.678735   -0.58315    -13.6537    -16.9973    57.963    
-13.3755    28.3459     -1.58175    0.266983    -0.377092   -0.88686    -0.153867   -0.925139   0.347048    -0.951339   0.0438025   -0.305018   12.4223     -17.1822    32.9396   
-19.4781    25.7557     24.3151     -0.524864   0.735081    -0.429156   -0.234137   -0.609418   -0.757489   -0.818351   -0.297097   0.491971    -11.2981    -2.25473    32.6107   
-9.30937    8.18463     -6.30105    -0.48268    -0.234104   -0.843929   0.460423    -0.887534   -0.0171363  -0.745004   -0.396836   0.536182    -3.35617    14.7826     23.8835   
-3.87512    15.9623     -8.98945    -0.855845   0.0892331   0.509477    -0.258799   0.778962    -0.571176   -0.447831   -0.62069    -0.643577   -20.1992    -1.83731    56.9093   
-34.987     22.2884     3.01276     -0.731295   0.142467    0.667016    -0.431026   -0.854447   -0.290063   0.528606    -0.499622   0.686261    13.0527     5.56033     60.3257   
-32.3932    38.3049     1.7221      -0.731362   0.556212    -0.394636   -0.177548   0.403414    0.897627    0.658473    0.726557    -0.196287   6.84779     -8.3857     66.0575   
-37.5788    18.3035     -5.55522    -0.498442   -0.858095   -0.123404   -0.282955   0.0264781   0.958768    -0.819446   0.512808    -0.256      -4.39931    7.95496     78.2306   
-18.75      27.3106     -2.37099    0.342342    -0.520231   0.782408    -0.669769   0.448891    0.591529    -0.658947   -0.726538   -0.19476    -15.7428    6.28434     24.3329   
-15.1268    28.2269     18.2671     0.495839    0.398508    -0.771579   -0.804756   -0.123048   -0.580712   -0.32636    0.908873    0.25969     11.2733     -15.5108    40.299    
-32.8181    34.9521     -1.00516    -0.640381   0.749465    -0.167973   0.256682    0.414956    0.872884    0.723897    0.515862    -0.458104   7.04057     -0.0890236  69.6184   
-40.1319    30.1349     9.10192     0.40575     -0.583903   -0.703153   -0.530005   0.476455    -0.701488   0.744622    0.657303    -0.11615    -11.1895    10.3474     23.825    
-30.7322    20.1097     7.85596     0.664342    -0.216115   0.715503    -0.016256   0.952881    0.302908    -0.747252   -0.212866   0.629526    -9.29624    -19.6862    61.7429   
-16.2246    25.5554     21.7777     0.449873    -0.469762   0.759565    0.399368    -0.654901   -0.641568   0.798824    0.59197     -0.107014   1.60631     -11.3455    67.1958   
-39.9418    41.8797     11.2288     -0.204305   0.166715    -0.964606   -0.460357   0.853264    0.244976    0.863905    0.494113    -0.0975778  -3.57491    3.56927     59.3458   
-17.4094    27.8201     -10.0752    0.199111    0.978752    -0.0489735  -0.709192   0.109425    -0.696471   -0.676314   0.173407    0.715911    24.9808     -7.49956    33.608    
-14.8706    26.4563     -2.11925    0.63799     -0.727425   0.25263     0.697996    0.684849    0.209248    -0.325225   0.0428367   0.944666    -2.99581    16.3978     23.8739   
-22.9669    26.4743     -7.7693     -0.987971   -0.0135304  0.154045    -0.154637   0.0912879   -0.983745   -0.0007520  -0.995733   -0.0922821  -0.818512   8.5696      15.1381   
-42.0016    28.0467     12.345      0.151759    0.664007    0.732164    0.979693    -0.0028472  -0.200483   -0.131038   0.747721    -0.650955   15.9654     -16.4939    38.2112   
-8.83593    9.44083     -5.68957    0.849231    0.352624    0.393018    -0.525522   0.492114    0.69401     0.0513149   -0.795915   0.60323     20.4351     -6.26279    48.6435   
